,D_atr14,D_cpr_width_pct,D_adx14,D_atr14_to_close_pct,D_atr30,D_atr_pct,D_atr_pct_z252,D_bb_bw_20,D_bb_pctB_20,D_breakout_high_20,D_breakout_high_50,D_breakout_low_20,D_breakout_low_50,D_close_roll_slope_20,D_close_roll_slope_50,D_cmf20,D_cpr_bc,D_cpr_pivot,D_cpr_tc,D_cpr_vs_yday_code,D_daily_trend,D_days_since_boh_20,D_days_since_bol_20,D_dollar_vol,D_donch_pos_20,D_donch_pos_50,D_dow,D_dvol_z20,D_dvol_z252,D_dvol_z50,D_ema20_angle_deg,D_ema20_angle_z252,D_gap_pct,D_inside_day,D_macd,D_macd_hist,D_macd_signal,D_mdi14,D_nr_day,D_nr_length,D_obv,D_obv_slope,D_oli,D_pdi14,D_pivot,D_prev_close,D_prev_high,D_prev_inside_day,D_prev_low,D_range_pct,D_range_to_atr14,D_resistance1,D_resistance2,D_ret_5d_roll_std,D_rsi14,D_rsi14_obv_x,D_rsi14_z252,D_rsi7,D_rsi7_gt_rsi14,D_rsi7_obv_x,D_support1,D_support2,D_tmr_cpr_bc,D_tmr_cpr_tc,D_tmr_cpr_vs_today_code,D_vol_surge_20,D_vol_surge_50,D_vol_yz_20,D_vol_yz_50,D_vol_z252,D_vpoc,D_weekly_vpoc,D_rsi14_lag1,D_rsi14_lag2,D_adx14_lag1,D_adx14_lag2,D_ema20_angle_deg_lag1,D_obv_slope_lag1,D_obv_slope_lag2,CPR_Yday_Above,CPR_Yday_Below,CPR_Yday_Inside,CPR_Yday_Overlap,CPR_Tmr_Above,CPR_Tmr_Below,CPR_Tmr_Inside,CPR_Tmr_Overlap,DayType_bullish,DayType_bearish,DayType_inside,regime_market_trend,regime_high_vol,regime_dispersion
D_atr14,1.0,0.03507466963726591,0.0006282373234613771,-0.09089671706844875,0.9690662248965848,-0.10059996496958287,0.1295438947682192,0.011478067890333085,-0.004800448947535494,0.0009293658819237207,0.004471491189464924,-0.003928828836924397,-0.006687913512527816,0.127782717556178,0.20512146327765343,0.16050757882045266,0.9506579331780697,0.9506249415908171,0.95058234502393,0.0039041670120397993,-0.01764308620294601,-0.0465174291113058,0.012349704149804616,0.6147439580124275,0.03803040511754921,0.06226035225645963,0.006034181835440833,-0.011496758585200632,-0.011125846152526849,-0.008340816846318889,0.011381723898566903,-0.03145744262571856,-0.12037602017920918,-0.034818851829622965,0.1877387208879932,0.014544115058440908,0.19587167384398987,0.04356448955094486,0.018377143847607715,0.014416565772826878,0.04070115948641039,-0.015096938142069976,-0.07072021483437757,-0.027764422734199008,0.9506249415908171,0.9504118245747895,0.9515625950777252,-0.037985798974340144,0.949336430867795,-0.019256827773755668,0.05887789520335068,0.9516041498669087,0.9525773979988308,-0.04759854749040349,0.009233180678395953,-0.017945807121206116,-0.03288019371818813,-0.006893587859572046,-0.009389912542204823,-0.019926580823399116,0.9494354915820289,0.9482103075622281,0.9506579331780697,0.95058234502393,0.0039041670120397993,-0.02971564662447812,-0.03950036171717506,-0.17229186395906018,-0.21111627924904156,-0.039994740336481066,0.9506249415908171,0.9506450166855854,0.016363991335222792,0.022193625227751583,0.003950586953242929,0.006752061773873553,0.02057250305853345,-0.009720645702945958,0.004085882160397012,,,,,,,,,,,,,,
D_cpr_width_pct,0.03507466963726591,1.0,0.008565821770424331,-0.12211852145315104,0.034842417763979346,-0.12233254509167552,-0.07413274627244104,-0.018910719805462058,0.29968456499640733,0.14794303969127598,0.12291356019975502,-0.11651251055386228,-0.09077957747568033,0.03959516387956943,0.010353368543337063,0.2194335174746707,0.05800321447737552,0.06047100368380352,0.06293862144494487,0.43955779014723606,0.23004471568172563,-0.06438541732110901,0.027564737608005402,0.1169030346735845,0.3076003726970537,0.21578576553086032,-0.010131642473989885,0.1340556301046908,0.09386429799465498,0.11778308950071126,0.27225418152744213,0.2622833610446992,-0.06658172642036145,-0.007995126437693227,0.042157408595994636,0.11269996801853002,0.012218003576128924,-0.04989287002035279,0.012012734365543868,0.014408512470833128,0.023944358614374286,0.5690415467431157,-0.41150262599173765,0.09473898778200072,0.06047100368380352,0.053707203381729865,0.05326807087744738,-0.011726488993947574,0.053788834389703076,-0.07108152424584711,0.010174638228694102,0.0630303156817475,0.060768528849223416,-0.04620066986375105,0.23987514428581672,0.5680897272955088,0.2340240256199348,0.33485611791410924,0.3325212780847521,0.5674882458373771,0.06283051305664748,0.06004891897993717,0.05800321447737552,0.06293862144494487,0.43955779014723606,0.11889365542965885,0.11824255549402699,-0.06631843320499267,-0.07288064280009543,0.07961031951016634,0.06047100368380352,0.05814663144389874,0.008452631268440439,0.008975899120101981,0.005392908583955873,0.00691004688019212,0.0037040646967130765,0.0008136153497171879,0.0018620442873905413,,,,,,,,,,,,,,
D_adx14,0.0006282373234613771,0.008565821770424331,1.0,0.11642944146570476,0.008297986743093832,0.10780076452737053,0.17799364359546718,0.35199054320244466,0.18508259723040543,0.1171471194126426,0.1906421050576682,-0.04853162468102385,-0.0008212281734931336,0.2198436636785062,0.24269059006343122,0.16633299069935767,-0.01892364302874433,-0.01889530501074796,-0.01886312361917237,0.030399557461242843,0.02602659387726682,-0.1929353217938053,0.2573754123972144,-0.01196186571499319,0.18513707960204037,0.26980166583004145,-0.000510506150193363,0.035916561514717685,0.2216729648604081,0.15232778216000306,0.24480441334552713,0.19224442342126177,0.053282791657839695,0.004617108424189571,0.26018078326056454,0.06584885849274,0.26243548921900367,-0.2576091185837075,-0.008899421558114082,-0.011922494264531808,-0.0831336443839964,0.029424344149667988,0.0037797224531362535,0.31595482760648624,-0.01889530501074796,-0.01942371335911389,-0.018685775065780737,0.0026387786852443904,-0.020508219742290838,0.08947561996864124,0.050916886361700706,-0.018108987127508358,-0.017412895024388524,0.11436877977435551,0.2926950114046523,0.03145082965050055,0.2314732445578968,0.20051716223328597,-0.0018191844865339246,0.03026125956465774,-0.01966011084240926,-0.020537016615052344,-0.01892364302874433,-0.01886312361917237,0.030399557461242843,-0.008947025092834371,0.03737083322782298,0.18493965734689666,0.12529493310611306,0.19889912986421293,-0.01889530501074796,-0.019140579956630474,0.30984250909244865,0.3234057096593325,0.9907405356766242,0.9718510397241661,0.26260010411756995,0.03852676715827114,0.041800615599960074,,,,,,,,,,,,,,
D_atr14_to_close_pct,-0.09089671706844875,-0.12211852145315104,0.11642944146570476,1.0,-0.14078338186891176,0.9945077383434553,0.4556176801256208,0.6737228790746922,-0.08038111764183803,-0.046263307812637496,-0.021659408277481546,0.04180257322332506,0.03558111958510539,-0.049486442669865946,0.005070957305410608,0.0037007872139939385,-0.32840874899902345,-0.32857623132690245,-0.3287491880549959,-0.04391965344777989,-0.053108877454952984,0.015882443583014515,-0.05166271611864081,-0.3153044583826251,-0.09053004403670416,-0.064540445825831,-0.0034209813226374793,-0.0025457423538526518,0.1988770689353739,0.05725184317053227,-0.007775337143215046,-0.07388743561961021,0.11110156769501878,0.00911886283758194,-0.03692714203743616,-0.05554031817407463,-0.01759845628236795,0.07597424743470145,0.019835076104523754,0.017987174233826553,-0.1514821578587037,-0.026387744493967986,-0.020738182670959754,-0.0006768764554317047,-0.32857623132690245,-0.32878822064310514,-0.324544000729307,0.0016564137016980857,-0.3323029605449886,0.6335442471749017,0.05287013483634221,-0.32500443583567107,-0.3212419430925966,0.7816582624499174,-0.07329470231170451,-0.027136019803271214,-0.07029219897503586,-0.09221597495820989,-0.07307117830598335,-0.026108088024883073,-0.3326710923435189,-0.33658125177027326,-0.32840874899902345,-0.3287491880549959,-0.04391965344777989,0.01821151588388179,0.04772450426228998,0.9041571551620189,0.8818498830652558,0.1865121997833483,-0.32857623132690245,-0.32805746023473503,-0.06800527759910327,-0.060842792125174204,0.11561767597542152,0.1143718774223791,-0.008432667100833971,-0.024894461059982033,-0.02535368639281156,,,,,,,,,,,,,,
D_atr30,0.9690662248965848,0.034842417763979346,0.008297986743093832,-0.14078338186891176,1.0,-0.150559528584446,0.0955794773630091,-0.03294755703187219,-0.012501911785042797,-0.0054322478782966215,-0.008330977997164245,-0.0008733480768140632,-0.009112308055992759,0.11878596348416202,0.1896071754344178,0.14062773566882214,0.93681460755937,0.9367818940896894,0.9367424515279114,0.0005633361760725185,-0.01764501089928213,-0.0077121862733605,0.01584882008249685,0.6012305394848676,0.030368085216818365,0.0470995875830475,0.0072653874153248005,-0.014342094542295772,-0.046026308899618625,-0.020429955884321744,-0.00020491938515204366,-0.04636270392814087,-0.12520850705881367,-0.03507230888342401,0.1728919349707805,0.015057950612204185,0.18071324631836913,0.064577291196044,0.017296752605425632,0.013015158626627409,0.07154056721860799,-0.017809810259088576,-0.0659955155616774,-0.02720645984499173,0.9367818940896894,0.9366516719492809,0.9374043338500397,-0.037754986802915586,0.9359984228220177,-0.05810264628651606,0.05121068185638318,0.9373701933439453,0.9379732357441641,-0.070265997603459,-5.727275841481084e-05,-0.02063310132733126,-0.049918629200297784,-0.012704996136175708,-0.011856937449558331,-0.022420703598205704,0.936020744089462,0.9352437982950473,0.93681460755937,0.9367424515279114,0.0005633361760725185,-0.03190809375636159,-0.045358348725364143,-0.2218690678687938,-0.23373179341357225,-0.060973325080303085,0.9367818940896894,0.9368579008090205,0.009344895323930746,0.016883511571431406,0.015679986201515762,0.022108211086814485,0.008879110215507077,-0.012824139837023792,0.001720887617444282,,,,,,,,,,,,,,
D_atr_pct,-0.10059996496958287,-0.12233254509167552,0.10780076452737053,0.9945077383434553,-0.150559528584446,1.0,0.4564974503207578,0.6788190158608306,-0.0830899025506535,-0.04737261626408321,-0.022081226118395858,0.04589384397977467,0.041841288947398574,-0.05235951179199768,0.0020846467373964407,0.0023926852285423923,-0.33071934296806516,-0.33088204449000724,-0.331050692659389,-0.04409993940231143,-0.05357452230770089,0.010532103226752014,-0.058329897052524574,-0.31676039220609253,-0.09379306930219569,-0.06797813816065987,-0.0029306378285846968,-0.0027506692740941743,0.2015736239522203,0.05782107969719586,-0.011231230023870529,-0.07442682131143911,0.10971716585775108,0.008506893507567313,-0.040199635657915574,-0.05799894813591247,-0.0208106951200339,0.06700030451104344,0.018872819353495694,0.01721948943544932,-0.15968248571393073,-0.026607507227221387,-0.02055318266251329,-0.009788005503032972,-0.33088204449000724,-0.33106007119506636,-0.32675707861504183,0.002101409495949293,-0.33463689584121714,0.6399735973789084,0.043929081362797,-0.32722657353884255,-0.32339496818851426,0.7858957709105397,-0.08269050375892614,-0.027499435570211696,-0.07075371754611841,-0.09668426060770696,-0.07878644535221069,-0.02611977027786855,-0.3350588765385629,-0.33906921683579677,-0.33071934296806516,-0.331050692659389,-0.04409993940231143,0.01810765805606537,0.0478652639112971,0.9134483756283922,0.8759007854516389,0.18673243139701268,-0.33088204449000724,-0.33032226471941595,-0.07736863559009789,-0.07017152301552032,0.10699798018965243,0.10575587077701828,-0.012215216228872864,-0.02558092233014945,-0.026791327681099597,,,,,,,,,,,,,,
D_atr_pct_z252,0.1295438947682192,-0.07413274627244104,0.17799364359546718,0.4556176801256208,0.0955794773630091,0.4564974503207578,1.0,0.36536249776525437,-0.11288764091232863,-0.06491128069552533,-0.03136148901264011,0.07236828868625764,0.06714423350556817,-0.048709127221522236,0.04578993161146575,0.04272917987750822,0.02140321909526141,0.021257251141076995,0.021107540101664348,-0.05013089502596791,-0.0580341048171387,0.022572867272055767,-0.09159183806249964,0.030062162167900402,-0.11360639753064948,-0.07563148249513417,0.0032910086955303098,0.013324813156149841,0.23315837303117318,0.09286001210922717,-0.0888917092892851,-0.13181902570098886,0.01463734201505394,0.005770742684213496,-0.022239780881773707,-0.09567481542128518,0.011897631412046208,0.16927943910754,0.014677545418713932,0.007624347106918025,-0.024188738390083824,-0.04490144495521292,0.022453531641079737,-0.018615333919996778,0.021257251141076995,0.021722184202522324,0.024596745021502907,-0.01259144787535974,0.019534017693809233,0.3443697590563558,0.08403633146307787,0.02352616535094966,0.025976777039049326,0.258076505650012,-0.09407710085155835,-0.045571218270403,-0.13967047241398467,-0.1200023903136091,-0.10875858911014766,-0.04464416207913178,0.018545979110001554,0.01601168076428781,0.02140321909526141,0.021107540101664348,-0.05013089502596791,-0.003784958159727411,0.025008458303790063,0.45205136222081443,0.29278204095412774,0.25036619759475215,0.021257251141076995,0.02164330870577584,-0.0768664987083807,-0.060688725909793344,0.18354265183965005,0.1869522817219111,-0.07653129338322857,-0.04163290002984034,-0.03858652682801217,,,,,,,,,,,,,,
D_bb_bw_20,0.011478067890333085,-0.018910719805462058,0.35199054320244466,0.6737228790746922,-0.03294755703187219,0.6788190158608306,0.36536249776525437,1.0,0.11885393519367814,0.13035983756524053,0.1758842383745534,0.009818456147825618,0.05106717328875686,0.14827445881773405,0.07266065724661024,0.25100805071777893,-0.15900814625943177,-0.15895744239495366,-0.15891203122733963,0.030377627623159237,0.011471599327662365,-0.2008578749604428,0.010442052903430562,-0.10190237428639515,0.14633030230250763,0.13515607241867145,-0.005213700752813933,0.04199740204089362,0.2431892859023758,0.1517089546172306,0.21182523426061084,0.1597492119842529,0.08118889749478013,-0.025771282115653035,0.11528331667256606,0.1344955089654597,0.09197018357247387,-0.016209417032449182,0.012255623193617046,0.01050158924709881,-0.04676837550626018,0.03050236081386167,-0.06110929509227968,0.24262929165649857,-0.15895744239495366,-0.159836560242326,-0.15701471882597745,-0.03135734244135824,-0.16324243454143966,0.4527918192406047,0.050326247905788754,-0.1559861942096821,-0.1532255082936372,0.6991407700486973,0.14821712494060155,0.03212145512058218,0.15899125082862367,0.12308493646056634,0.0326257883176796,0.03270564757772876,-0.1619960545675341,-0.16527748342892068,-0.15900814625943177,-0.15891203122733963,0.030377627623159237,0.013170402465292368,0.07751709514677692,0.6851225499054693,0.5768501320200291,0.21847918347616277,-0.15895744239495366,-0.15929086599802436,0.14957073396882134,0.14789963982709067,0.33389084549261067,0.3114213961817834,0.21122136649773496,0.03511935487731066,0.03915014184298698,,,,,,,,,,,,,,
D_bb_pctB_20,-0.004800448947535494,0.29968456499640733,0.18508259723040543,-0.08038111764183803,-0.012501911785042797,-0.0830899025506535,-0.11288764091232863,0.11885393519367814,1.0,0.5522168385019144,0.4601364328006922,-0.4514593491234521,-0.33525631574268033,0.6425179506737657,0.24968463814712377,0.4582963497577552,0.01690608315783488,0.017712209831158284,0.018514608703487395,0.42431846529304657,0.359493528262608,-0.6477101478537093,0.5041940305464581,0.14007434699923302,0.931475754877564,0.7613790514755205,-0.010408246178024627,0.3097738473434702,0.38988313992227097,0.3808404056381469,0.9219802969347964,0.8736121972353286,0.18951298514189857,-0.007916701516444618,0.5626568225025567,0.6781985187432767,0.3781446396746347,-0.6974613106196119,-0.0558163398761864,-0.05422774502736054,-0.027349812105407652,0.3613793184780524,-0.253260412520057,0.7545986079313218,0.017712209831158284,0.012214257936354734,0.010699153609017506,-0.007737375342783299,0.00924540231235168,0.0652200298997837,0.1621830639679232,0.019337526737703663,0.019354167829691765,0.03521774143096064,0.904137540987803,0.35729690960519556,0.864202635720344,0.9588680134776952,0.6386377291112697,0.34911567192464343,0.017638343542693086,0.01583804145872317,0.01690608315783488,0.018514608703487395,0.42431846529304657,0.18384541501814655,0.22091376060023948,0.07632618624163988,0.04992594212318651,0.3244167092247476,0.017712209831158284,0.014757967374583078,0.799613303317685,0.7011755072031136,0.1583784769035209,0.13631939351305797,0.820469761118942,0.33289348602784663,0.2845543132153375,,,,,,,,,,,,,,
D_breakout_high_20,0.0009293658819237207,0.14794303969127598,0.1171471194126426,-0.046263307812637496,-0.0054322478782966215,-0.04737261626408321,-0.06491128069552533,0.13035983756524053,0.5522168385019144,1.0,0.8226539265629675,-0.12758029428404236,-0.0937796653909872,0.31800553930632164,0.12562699025831559,0.29482474805845454,0.011031734546144447,0.01149526708486186,0.01195502147065113,0.3623104563194414,0.4227064844424942,-0.6104501901980313,0.19824935852660133,0.1784962282964914,0.5767087789366362,0.47147203070262295,-0.0033705337055088807,0.38234645084568375,0.3730201684535449,0.397261366549322,0.4960255010172293,0.4844643595739609,0.19418613936333468,-0.18880885414476803,0.28303153358733874,0.3701506410593328,0.18391624194019016,-0.3886591641815316,-0.14191581114958013,-0.12212210469992354,0.00754244600445446,0.2751591746730358,-0.20439565966944429,0.4422738783721411,0.01149526708486186,0.006547878163673525,0.004814518751718141,-0.04949584527678464,0.003478705413959404,0.1890502306601673,0.29635257201360293,0.013903267075783078,0.015308375921185818,0.03781637053628882,0.49809627780150756,0.28897561563023205,0.4744854686286662,0.537483833510228,0.36522427607607677,0.2913171679723189,0.009877051142466965,0.0071625118863360895,0.011031734546144447,0.01195502147065113,0.3623104563194414,0.311666433498698,0.34573216417288155,0.03825030003348119,0.026306081188161395,0.3467779137754048,0.01149526708486186,0.008816960037062487,0.4263407963490269,0.3435644202582265,0.07639216538639826,0.05298320423219211,0.4320486537504186,0.274975313177867,0.17574423453992952,,,,,,,,,,,,,,
D_breakout_high_50,0.004471491189464924,0.12291356019975502,0.1906421050576682,-0.021659408277481546,-0.008330977997164245,-0.022081226118395858,-0.03136148901264011,0.1758842383745534,0.4601364328006922,0.8226539265629675,1.0,-0.1058192404196384,-0.0778627104608883,0.29291695588209316,0.23330119254997134,0.28751821054069493,0.007744234873029788,0.008154946659216454,0.008562883631592149,0.3001068176312947,0.3477411492102458,-0.5021892459375208,0.23063895928147007,0.15427815549263418,0.4830730314888334,0.5070821933784238,-0.0018504547897079597,0.3174538848733504,0.3610201457825168,0.35778734516965094,0.44554141940785813,0.43101348559183783,0.17838047191293607,-0.15532434523204805,0.3068698752355957,0.29545654998161397,0.26292195397858986,-0.3902620971941886,-0.1170016485172711,-0.10161449664889204,-0.004404694993370593,0.23179168921138765,-0.16512960394245388,0.41305763011778074,0.008154946659216454,0.003749841777281243,0.0024289391359596977,-0.04239736654592939,0.0007657492498398024,0.17825981362718413,0.2600575375481788,0.010455505249605847,0.011851418143284925,0.04154125798726736,0.4660898701572468,0.2455571527335619,0.43167054297326896,0.4649479927351345,0.29217952544736997,0.24627074059413942,0.006544158562740121,0.003945245900643198,0.007744234873029788,0.008562883631592149,0.3001068176312947,0.24834978631490442,0.322337973796901,0.07243490253910236,0.03696313805771557,0.32477190697482566,0.008154946659216454,0.005724410670765119,0.42104260613143557,0.36501043334216215,0.15190421291664236,0.1255515759701757,0.40494686482077424,0.23494347132256618,0.15606510246142322,,,,,,,,,,,,,,
D_breakout_low_20,-0.003928828836924397,-0.11651251055386228,-0.04853162468102385,0.04180257322332506,-0.0008733480768140632,0.04589384397977467,0.07236828868625764,0.009818456147825618,-0.4514593491234521,-0.12758029428404236,-0.1058192404196384,1.0,0.7328729711602511,-0.31015372165359906,-0.1423387564214132,-0.24119574900604515,-0.015074871153408843,-0.015368008201072621,-0.015663994269848405,-0.2672158840992984,-0.22444697937046268,0.2300585041723114,-0.49199680992912104,-0.006263660186791866,-0.46904068356685197,-0.3771244134221978,0.031833381102128015,0.04415865288756354,-0.054651485371868334,-0.015461389608234299,-0.4240605606878917,-0.3938776663228038,-0.16092191493325064,-0.14157708312749648,-0.2894745072807917,-0.2976232198020626,-0.204217054137951,0.34708301869680397,-0.0880289509831111,-0.07904752313202593,0.017240659821369235,-0.20514252253880932,0.16084583717933248,-0.35358365111572687,-0.015368008201072621,-0.011804417788091846,-0.010182386534892592,-0.04837922637409549,-0.010229268945751912,0.12509739623533533,0.12668501127804754,-0.014669181306823206,-0.013454783698792902,-0.015201326989085731,-0.4217424310131445,-0.1779909469754954,-0.39828123697683315,-0.4456713323606138,-0.2913607326582704,-0.15903322298623798,-0.01671539423572711,-0.01751276181305769,-0.015074871153408843,-0.015663994269848405,-0.2672158840992984,0.027896829822316838,-0.0005872644556854005,-0.04957215151086906,-0.03478990736108033,-0.007323393297743274,-0.015368008201072621,-0.013448020335216113,-0.3811446198855744,-0.3286278165913312,-0.06786995832106664,-0.07509101356794731,-0.38644462018715303,-0.2011810193975501,-0.14479462705446072,,,,,,,,,,,,,,
D_breakout_low_50,-0.006687913512527816,-0.09077957747568033,-0.0008212281734931336,0.03558111958510539,-0.009112308055992759,0.041841288947398574,0.06714423350556817,0.05106717328875686,-0.33525631574268033,-0.0937796653909872,-0.0778627104608883,0.7328729711602511,1.0,-0.24900654365253452,-0.2336701597806675,-0.20292303943304985,-0.015168234318745083,-0.01539920826566728,-0.015631905747634362,-0.19730095003379278,-0.16987001169880792,0.2116238308327349,-0.36057116389412025,0.00012302064107424268,-0.3497796585469615,-0.36559106793244595,0.02826451742365052,0.07315048293739239,-0.03960507896940472,0.025610949872365757,-0.33191300969649074,-0.3019568274609962,-0.12229851515584862,-0.10375801755985019,-0.2746881737207246,-0.19748550678341711,-0.2533939730189965,0.29051466569443324,-0.06627820625234214,-0.05955843386736635,0.009248274596097497,-0.15907262043573617,0.12391174125884628,-0.3036284793976688,-0.01539920826566728,-0.012517221794792678,-0.011170390504540642,-0.03558300634246172,-0.011385976567989141,0.1063796890329635,0.10165116287406556,-0.014717024239791264,-0.01364243617903646,-0.046829967127076405,-0.3457116854284171,-0.13134903507344503,-0.31356583672353955,-0.34238909749796625,-0.2064160354104902,-0.11729518231059691,-0.016604885452001613,-0.017395359251521744,-0.015168234318745083,-0.015631905747634362,-0.19730095003379278,0.04987831726949601,0.021655895382284056,-0.02981525121093267,-0.05273518542855994,0.015244822118940333,-0.01539920826566728,-0.014042918224275993,-0.3264047016286711,-0.30095369921478293,-0.024703785275637415,-0.0392390166608902,-0.3114019411669842,-0.15732896678152383,-0.11229582333561468,,,,,,,,,,,,,,
D_close_roll_slope_20,0.127782717556178,0.03959516387956943,0.2198436636785062,-0.049486442669865946,0.11878596348416202,-0.05235951179199768,-0.048709127221522236,0.14827445881773405,0.6425179506737657,0.31800553930632164,0.29291695588209316,-0.31015372165359906,-0.24900654365253452,1.0,0.4390820448308691,0.4829710073061826,0.1341224284806408,0.1342360338650764,0.1343460570170855,0.07169548631025274,0.061818401828983204,-0.624070656468366,0.5776737103397047,0.1386576564388564,0.6823267075242463,0.6519784006427873,-0.004281167713804618,0.09115552667374716,0.24426775829208605,0.19938392410776706,0.653224383163516,0.591567520799849,0.03408906094813704,0.00519022710533904,0.8054431369574256,0.5089784078453395,0.6629390592209088,-0.5786073181090036,-0.01264080182254591,-0.015155430529747604,-0.021098368954082212,0.05783342466400843,-0.047144645687751494,0.5995980323097202,0.1342360338650764,0.13312966857497077,0.1331730338672049,-0.00298875963209457,0.13183929752446008,0.04228969813082792,0.1099510277342427,0.13490498322512914,0.13532277489355365,0.05125874369555767,0.6831395948329453,0.05240490370357143,0.6296507408089099,0.5652465276112383,0.1596822126355539,0.04512130479687116,0.13375124854357742,0.1329948364885687,0.1341224284806408,0.1343460570170855,0.07169548631025274,0.008562234460486996,0.05144318630612323,0.06632132179456479,0.035902356857119566,0.16659728882538666,0.1342360338650764,0.13398170921421104,0.7181816577605239,0.7353128078481855,0.20879778485869369,0.1960298724122252,0.7045255661182338,0.09593223604506214,0.11745948759851413,,,,,,,,,,,,,,
D_close_roll_slope_50,0.20512146327765343,0.010353368543337063,0.24269059006343122,0.005070957305410608,0.1896071754344178,0.0020846467373964407,0.04578993161146575,0.07266065724661024,0.24968463814712377,0.12562699025831559,0.23330119254997134,-0.1423387564214132,-0.2336701597806675,0.4390820448308691,1.0,0.3064147777076587,0.19448736604070335,0.1945129118159231,0.1945368788013777,0.0302964057446231,0.026579780803319533,-0.4003375264709502,0.49585024698170393,0.14633800533068347,0.29823282988326544,0.6616034867102487,0.0004963771146116493,-0.02213314299960281,0.22564650264163708,0.08395502832445426,0.38361693871515895,0.26579565519608517,0.021292511545519005,0.0019346572172137307,0.748718667275279,-0.12300122483793549,0.8692674041061769,-0.423137829215863,-0.0009220701894428401,-0.002627102395412264,-0.016990402857050765,0.021239003076296004,-0.029522092500458494,0.39752736457636834,0.1945129118159231,0.1939506020622385,0.19436578278261413,-0.004542656163490958,0.19307171981034035,0.044224999317470134,0.06811066495830152,0.19509957746758877,0.195604731718413,0.08972079042699597,0.4771088121164131,0.016710832477462922,0.35367547207036737,0.2696520923219489,-0.12295930855751981,0.013368251624184166,0.19393100380724115,0.1932605088320056,0.19448736604070335,0.1945368788013777,0.0302964057446231,-0.034526026530477594,-0.013387168392807321,0.06795530538817386,0.06368424406304325,0.10985599761837142,0.1945129118159231,0.1945895124107701,0.5100516117799699,0.5373701297339811,0.24610676006870388,0.24845110628229075,0.4192064860376155,0.04352259266054126,0.05439061480313017,,,,,,,,,,,,,,
D_cmf20,0.16050757882045266,0.2194335174746707,0.16633299069935767,0.0037007872139939385,0.14062773566882214,0.0023926852285423923,0.04272917987750822,0.25100805071777893,0.4582963497577552,0.29482474805845454,0.28751821054069493,-0.24119574900604515,-0.20292303943304985,0.4829710073061826,0.3064147777076587,1.0,0.14499549248679403,0.14557242426114125,0.14614342075568013,0.1620983908829518,0.1345848712357805,-0.4552216627359579,0.3731982796993064,0.18670643653472868,0.560223670487126,0.5409977959697739,-0.003148295201765117,0.09489039757236971,0.21491953170662256,0.17701126104487955,0.5184559550756952,0.4598209847265536,-0.029197941653287526,-0.04537397203210843,0.477037524168484,0.2895997096090669,0.41710285240502537,-0.30262309524568715,-0.021062006724911198,-0.022467958807558478,0.042272628730104594,0.13021305617398687,-0.09026094107370983,0.43312185191690583,0.14557242426114125,0.14390175501117144,0.14318098146084007,-0.03518259740467185,0.14134490607522682,0.07413849251584145,0.11617020370023844,0.14709486257665033,0.14744353147783737,0.1433412090779348,0.5260281879990089,0.126595452585661,0.47863911288535743,0.45262034672048995,0.15776526311613176,0.12102825929204933,0.14512407413014075,0.14341888283652857,0.14499549248679403,0.14614342075568013,0.1620983908829518,0.04688558638697698,0.09045125021135385,0.10338739652811106,0.03992700590225291,0.14512202337902932,0.14557242426114125,0.14421976372685025,0.513135763428396,0.5015025423034699,0.15818798926996552,0.15069293989391738,0.5097645839095265,0.1258864230715365,0.12531172870840787,,,,,,,,,,,,,,
D_cpr_bc,0.9506579331780697,0.05800321447737552,-0.01892364302874433,-0.32840874899902345,0.93681460755937,-0.33071934296806516,0.02140321909526141,-0.15900814625943177,0.01690608315783488,0.011031734546144447,0.007744234873029788,-0.015074871153408843,-0.015168234318745083,0.1341224284806408,0.19448736604070335,0.14499549248679403,1.0,0.9999956291034494,0.9999827878519574,0.01409245114671467,-0.002552525156425055,-0.04687450328760675,0.02576979544471576,0.6695728596909635,0.05630588002329337,0.07235326353810827,0.007768731502823015,-0.012044365768256654,-0.0536445027127234,-0.021982439122732744,0.007605929502717766,-0.0167288274037541,-0.1491859139533084,-0.028029020492239563,0.1872176089220251,0.024865577057789717,0.19075157084375421,0.02060401105637167,0.008313332287607547,0.005550737464431653,0.06591673503250532,-0.00980976722979521,-0.06339020983199961,-0.018371492133995932,0.9999956291034494,0.999920950724038,0.999857439211526,-0.03049286203089543,0.9998234547505933,-0.17638464315956925,0.028273940157842344,0.9999463010947911,0.9998682510198199,-0.2364058430151447,0.02720973718664942,-0.011269753184993922,-0.01542949970027448,0.018475316570512594,0.005289388791007265,-0.01346894964261561,0.9999499698407849,0.9998421876251156,1.0,0.9999827878519574,0.01409245114671467,-0.03593167885478638,-0.05185617143767216,-0.3818944410939951,-0.421080530157606,-0.07757609409662296,0.9999956291034494,0.9999254366198289,0.03469307937944946,0.03832299336928206,-0.01524085432051795,-0.012160268281535073,0.018832774209706315,4.140656251481051e-06,0.012501484571988642,,,,,,,,,,,,,,
D_cpr_pivot,0.9506249415908171,0.06047100368380352,-0.01889530501074796,-0.32857623132690245,0.9367818940896894,-0.33088204449000724,0.021257251141076995,-0.15895744239495366,0.017712209831158284,0.01149526708486186,0.008154946659216454,-0.015368008201072621,-0.01539920826566728,0.1342360338650764,0.1945129118159231,0.14557242426114125,0.9999956291034494,1.0,0.9999956443263451,0.015172841816450478,-0.0019393946330104259,-0.04708402376908714,0.025848808062615147,0.6698323302440075,0.05713367231634602,0.07295317964705311,0.007734869914673603,-0.011614205565145263,-0.05331503408728888,-0.021588868460174646,0.008363497264815853,-0.016003084622299792,-0.1493250349592385,-0.028081730312365157,0.1873362584947031,0.025197197184077917,0.19078165232196706,0.020411625103590236,0.008271222388286275,0.005522475446164528,0.06598501419877006,-0.008378074199355502,-0.06447698362027934,-0.018084878233436675,1.0,0.9999010302446827,0.9998369076511003,-0.030502254137531742,0.9998033246401337,-0.17633550140367368,0.028454708891968224,0.9999611575479607,0.999877167411911,-0.23641318154215354,0.02785468712288402,-0.009843963380715963,-0.014788808673639521,0.019349361468687258,0.006121497339949256,-0.012042944925065208,0.9999604657229266,0.9998409163841129,0.9999956291034494,0.9999956443263451,0.015172841816450478,-0.035484682559750576,-0.05138436528120946,-0.3819107373526347,-0.4211254278843395,-0.07727821000853197,1.0,0.999923346397384,0.03471802006183661,0.038350180247177075,-0.015227515196951548,-0.012144654616914132,0.018859146978396548,-2.8018685535790215e-06,0.012500454564764252,,,,,,,,,,,,,,
D_cpr_tc,0.95058234502393,0.06293862144494487,-0.01886312361917237,-0.3287491880549959,0.9367424515279114,-0.331050692659389,0.021107540101664348,-0.15891203122733963,0.018514608703487395,0.01195502147065113,0.008562883631592149,-0.015663994269848405,-0.015631905747634362,0.1343460570170855,0.1945368788013777,0.14614342075568013,0.9999827878519574,0.9999956443263451,1.0,0.01625094373372929,-0.0013300260232042948,-0.04728851414315956,0.025927503748016494,0.6700842227832112,0.05795910249141163,0.0735508910357433,0.007703621810948603,-0.011191138156845718,-0.05299114559858233,-0.02120242059536975,0.009119068339290872,-0.015281820964742199,-0.14946244747021808,-0.02812981276091072,0.18745339015445922,0.025527790081037224,0.19081177578045297,0.020222401010756442,0.008237476737814739,0.005501789996680433,0.06605786664876748,-0.006949716610058465,-0.06555849894037505,-0.01780207021859558,0.9999956443263451,0.9998727514030948,0.9998079661904287,-0.030517457044663163,0.9997748848979955,-0.1762963377555083,0.02862770245323306,0.9999673265388236,0.9998772653130477,-0.23642422260756785,0.0284981794195231,-0.0084218215861747,-0.014151429430790738,0.02022138811028113,0.0069499526655696885,-0.010620294433729034,0.9999626494860889,0.9998315862476276,0.9999827878519574,1.0,0.01625094373372929,-0.035046771726139125,-0.05092279947619732,-0.38193287832571915,-0.4211740731649674,-0.07698690260499753,0.9999956443263451,0.9999127046921172,0.034743473366999456,0.03837941921913239,-0.015209260903988324,-0.012124005824273601,0.018885093096548188,-7.698630452906875e-06,0.012498513029263811,,,,,,,,,,,,,,
D_cpr_vs_yday_code,0.0039041670120397993,0.43955779014723606,0.030399557461242843,-0.04391965344777989,0.0005633361760725185,-0.04409993940231143,-0.05013089502596791,0.030377627623159237,0.42431846529304657,0.3623104563194414,0.3001068176312947,-0.2672158840992984,-0.19730095003379278,0.07169548631025274,0.0302964057446231,0.1620983908829518,0.01409245114671467,0.015172841816450478,0.01625094373372929,1.0,0.7038014873735675,-0.1596563095991076,0.0810495264897464,0.11580440017810072,0.4125986700517397,0.2924583974470093,-0.023487173679369023,0.2528620824241218,0.21394676103066057,0.23984032646719444,0.3786446001890376,0.3681468738632608,0.26254294714370385,-0.092198397106716,0.08040435603207922,0.18164249441211353,0.03044094472808968,-0.19598349254367112,-0.03565020656233949,-0.028534911741243174,0.009021256471714454,0.600294796097928,-0.49358062873224684,0.255009502077708,0.015172841816450478,0.007088240174516551,0.004297997724930199,-0.005361789752808316,0.0037015821137818925,0.03770505293965753,0.08492918688708008,0.01682405356978707,0.01633585230115212,0.00845245233255475,0.3449976631292016,0.6000677725538189,0.33836170198771887,0.47600318839809114,0.4761466985334641,0.6003863835146663,0.015629608647595834,0.01382488290269565,0.01409245114671467,0.01625094373372929,1.0,0.17077507211924445,0.17372256607612444,0.017093983897573387,0.00587363882410815,0.1985772482091073,0.015172841816450478,0.010623841361425954,0.12608831963273404,0.018022406276498072,0.01973128261968431,0.01735501694910575,0.13320453265871704,0.2566410450177905,-0.004001214091294193,,,,,,,,,,,,,,
D_daily_trend,-0.01764308620294601,0.23004471568172563,0.02602659387726682,-0.053108877454952984,-0.01764501089928213,-0.05357452230770089,-0.0580341048171387,0.011471599327662365,0.359493528262608,0.4227064844424942,0.3477411492102458,-0.22444697937046268,-0.16987001169880792,0.061818401828983204,0.026579780803319533,0.1345848712357805,-0.002552525156425055,-0.0019393946330104259,-0.0013300260232042948,0.7038014873735675,1.0,-0.15668627335509258,0.08251414477410188,0.11246781314940657,0.35377074311819956,0.2537758871030226,-0.01212172527987085,0.28226643489352765,0.22748994452781507,0.26056136138994335,0.3234038017014866,0.3136972624158603,0.28430489266143644,-0.42295292623142766,0.06830346559765497,0.16197329632265786,0.0253434199669462,-0.19185462340055687,-0.18836787274232056,-0.15478711093873776,0.0027702905918345327,0.4280896219028999,-0.38842516017647655,0.2418246071233716,-0.0019393946330104259,-0.008667725466403806,-0.0128576798744338,0.07248292331701561,-0.01105929692360323,0.14771211826889388,0.2464068417356651,-8.748378442704313e-05,0.0005143603486027984,-0.00037954572360844634,0.2967674011605672,0.4270629499823772,0.2871819252049712,0.40063595045669664,0.3891410019241607,0.42783832652962306,-0.0026487117897849768,-0.00469116445094571,-0.002552525156425055,-0.0013300260232042948,0.7038014873735675,0.1863035643453044,0.1850148719476179,0.006013981772605956,0.0031827175673041644,0.21685836806810277,-0.0019393946330104259,-0.005990525972869132,0.13610893905701382,0.022403145697560384,0.01767107623404634,0.01695988520411627,0.1395954415689753,0.2863150319984519,-0.004779343917157821,,,,,,,,,,,,,,
D_days_since_boh_20,-0.0465174291113058,-0.06438541732110901,-0.1929353217938053,0.015882443583014515,-0.0077121862733605,0.010532103226752014,0.022572867272055767,-0.2008578749604428,-0.6477101478537093,-0.6104501901980313,-0.5021892459375208,0.2300585041723114,0.2116238308327349,-0.624070656468366,-0.4003375264709502,-0.4552216627359579,-0.04687450328760675,-0.04708402376908714,-0.04728851414315956,-0.1596563095991076,-0.15668627335509258,1.0,-0.4584542924970734,-0.15107602703347023,-0.6587853397430108,-0.6917305111574973,0.0025313822978907693,-0.2342639094321804,-0.4017952946853117,-0.34356749572109646,-0.6551593386462279,-0.6081604937116243,-0.10864546950941159,0.04062392380254032,-0.620917709353997,-0.36591938597001905,-0.5311447904632037,0.5884721342946063,0.0627347064658164,0.06112097496521255,0.06495545367173114,-0.13534393605805,0.0900940256847316,-0.6235375841696672,-0.04708402376908714,-0.04470966428088037,-0.04492666934492338,0.03132590235271061,-0.042298477019010065,-0.14963870702247498,-0.20608690049669828,-0.04879970963193047,-0.05002848984202473,-0.06026392198104164,-0.691629968281522,-0.13579900933445263,-0.6555153368292304,-0.6017478944167092,-0.2216603660702229,-0.13151118040354112,-0.04567097929663747,-0.04373429511513788,-0.04687450328760675,-0.04728851414315956,-0.1596563095991076,-0.14655976300481016,-0.19798625255221441,-0.11052290568428454,-0.04781729778260446,-0.31453398059177995,-0.04708402376908714,-0.04619592233234466,-0.6933850962898369,-0.6720459804750817,-0.1624812795132465,-0.13675538638913196,-0.6685420446018885,-0.17766825438423298,-0.17409042385558574,,,,,,,,,,,,,,
D_days_since_bol_20,0.012349704149804616,0.027564737608005402,0.2573754123972144,-0.05166271611864081,0.01584882008249685,-0.058329897052524574,-0.09159183806249964,0.010442052903430562,0.5041940305464581,0.19824935852660133,0.23063895928147007,-0.49199680992912104,-0.36057116389412025,0.5776737103397047,0.49585024698170393,0.3731982796993064,0.02576979544471576,0.025848808062615147,0.025927503748016494,0.0810495264897464,0.08251414477410188,-0.4584542924970734,1.0,0.048571345783360205,0.5227420412004483,0.646340352319267,-0.003745070916861184,0.0009756128840806322,0.2113719228482359,0.11086371008497582,0.5539649749577646,0.4739708497539728,0.07444711920678822,0.022248241284154407,0.6442455204526875,0.1994969405843797,0.5995681043567895,-0.5545308918346775,0.0022378502191048055,0.0028559378765998034,-0.018023009771212035,0.07365890843332606,-0.04431221782707149,0.5339618732050325,0.025848808062615147,0.024552926338576544,0.02388600563169599,0.021062118382078325,0.024125866995496188,-0.037606461200596936,0.01370850041422239,0.02569786083695931,0.025408128009846234,0.05543177070622353,0.6239307587341486,0.06618003538689805,0.542487441389647,0.477894701159641,0.07934737614221983,0.056587898459896736,0.026168539886584914,0.026334185487435244,0.02576979544471576,0.025927503748016494,0.0810495264897464,-0.015957125881503983,0.018029896252503463,0.05720076571035501,0.07236471374525102,0.12258998771046382,0.025848808062615147,0.025611379325058505,0.6488896149877003,0.6581145520358148,0.2648263220033591,0.2694612388305962,0.5871215938325557,0.11087865497994275,0.12145245037724547,,,,,,,,,,,,,,
